00100001581314033129_10856_1319_260514123329_00_00_5100.mp4,693, 95, 1168, 284
00100001581314040486_16465_659_260514105129_00_00_6500.mp4,948, 668, 1410, 919
00200001581314028395_11678_909_260513072227_00_00_8638.mp4,590, 670, 999, 1067
00200001581314039480_6904_2129_260514065550_00_00_3815.mp4,133, 68, 947, 417
00200001581314042069_11605_1409_260513071349_00_00_4775.mp4,410, 550, 866, 886
00210001001310027462_47586_3389_260512061919_00_00_7592.mp4,603, 88, 911, 571
00210001001310046159_57331_2409_260514063631_00_00_9562.mp4,325, 110, 719, 261
00210001001310046159_57331_2449_260514063638_00_00_3730.mp4,339, 106, 723, 269
00210001581314059910_52386_1649_260514061424_00_00_9717.mp4,-2, 204, 604, 615
00210001581314065717_46376_1429_260511064337_00_00_8363.mp4,1192, 357, 1646, 563
020R0269_146_3072199_260520024852_00_00_8655.mp4,653, 166, 939, 289
020R0269_146_4217059_260522075759_00_00_1179.mp4,439, 249, 668, 488
02720001581314000495_34487_69_260514145000_00_00_5788.mp4,2, 330, 499, 733
03719999581314017230_63539_849_260513072201_00_00_4974.mp4,129, 114, 642, 261
03719999581314028090_68652_549_260514190110_00_00_2467.mp4,126, 3, 446, 269
04519999581314026137_105157_3569_260514190551_00_00_3006.mp4,781, 57, 1281, 581
04710001001310011645_102346_39_260514073002_00_00_5209.mp4,454, 193, 587, 414
04710001581314002175_130260_2189_260513152559_00_00_9373.mp4,636, 22, 945, 270
05320199581314017083_87339_339_260514095036_00_00_2914.mp4,447, 196, 743, 451
05511200581314000033_866_1479_260512181402_00_00_6128.mp4,620, 128, 1196, 606
05519900581314028367_138_2669_260513071704_00_00_4096.mp4,768, 355, 1097, 865
05719900581314002203_89217_2429_260514151634_00_00_6840.mp4,1, 5, 508, 229
05719900581314017207_88486_2779_260514101720_00_00_5656.mp4,1462, 364, 1750, 520
05719900581314017207_88486_3129_260514101819_00_00_6849.mp4,1419, 356, 1737, 519
05719900581314017827_10551_1179_260513172255_00_00_9258.mp4,1163, 660, 1921, 1053
05749999581314001789_16868_2959_260513075808_00_00_3650.mp4,264, 40, 625, 203
05749999581314012037_20249_1669_260513074418_00_00_4221.mp4,1398, 57, 1722, 471
05749999581314012037_20249_2859_260513074736_00_00_6632.mp4,1358, 48, 1702, 448
05749999581314012037_20249_3039_260513074806_00_00_3747.mp4,1352, 133, 1661, 440
05799999581314018635_4290_949_260514073217_00_00_6476.mp4,1221, 184, 1920, 712
05914500581314000021_145886_1669_260512133433_00_00_7390.mp4,1066, 142, 1221, 434
05919900581314002191_77660_1329_260514082331_00_00_7853.mp4,0, 7, 367, 480
05920001581314002581_7036_2259_260514140556_00_00_4364.mp4,765, 133, 1169, 715
05929900581314000041_8580_3169_260514181842_00_00_2916.mp4,882, 201, 1171, 325
07319900581314005424_107038_1649_260514180414_00_00_9331.mp4,488, 235, 937, 415
07523399581314013000_137617_819_260514114156_00_02_7933.mp4,443, 137, 836, 659
07554001581314083426_256929_4049_260513073237_00_00_8980.mp4,641, 49, 790, 192
07554001581314084015_272858_2149_260514070553_00_00_9741.mp4,520, 173, 895, 556
07554001581314095913_274159_1189_260514131308_00_00_1961.mp4,585, 35, 805, 149
07554001581314095922_272927_3019_260514065813_00_00_3203.mp4,311, 379, 619, 702
07554001581314097243_260760_1579_260514061413_00_00_7500.mp4,379, 181, 678, 624
07554001581314098440_274088_2539_260514130657_00_00_1945.mp4,244, 428, 676, 623
07554001581314099477_53064_539_260512134109_00_00_7796.mp4,1180, 174, 1443, 376
07554001581314099477_53064_679_260512134132_00_00_8199.mp4,1146, 134, 1444, 389
07554001581314101197_261152_4529_260514070306_00_02_1948.mp4,1082, 259, 1344, 504
07554001581314108002_273278_3879_260514080410_00_00_9323.mp4,281, 153, 514, 322
07554001581314108002_273278_8349_260514080907_00_00_8570.mp4,1027, 159, 1251, 274
07577399581314000003_11587_8229_260513071524_00_02_1100.mp4,554, 790, 805, 1046
07600001001310011607_112082_2499_260513191651_00_00_6101.mp4,110, 261, 351, 416
07609999581314019781_113388_1759_260514080434_00_00_7062.mp4,795, 478, 1105, 651
07699999581314005364_52490_3429_260512101340_00_00_8427.mp4,1373, 317, 1636, 497
07699999581314006434_250342_689_260511185145_00_00_1887.mp4,910, 82, 1073, 247
08710002581314003742_1096_2149_260514184553_00_00_1147.mp4,731, 1, 846, 153
08989999581314003585_126718_389_260511075044_00_00_4170.mp4,33, 97, 403, 361
760W02129_222_1843239_260519135407_00_00_5163.mp4,89, 333, 477, 550
04710001001310009404_127807_3209_260513073849_00_00_5219.mp4,527, 18, 1275, 263
00100001581314014640_17995_1569_260514150417_00_00_2239.mp4,879, 149, 1110, 437
00210001581314022162_55395_3389_260513064915_00_00_7317.mp4,319, 188, 730, 554
00220001581314015175_131248_799_260514072203_00_00_6032.mp4,687, 47, 890, 171
00230001581314030888_26909_3279_260514080846_00_00_9018.mp4,1161, 327, 1409, 679
00250001581314029133_85673_2629_260511203708_00_02_6491.mp4,190, 1, 387, 188
00280001581314094206_5172_1909_260513150513_00_00_5041.mp4,216, 120, 668, 453
00595001581314001594_144426_109_260512072000_00_00_3403.mp4,557, 338, 711, 482
010WD021413_234_310149_260520201656_00_00_8231.mp4,1114, 800, 1347, 1076
010WD021413_234_480189_260521040916_00_00_3860.mp4,1133, 731, 1387, 1077
020R0269_146_2820449_260519150713_00_00_3086.mp4,67, 452, 331, 754
020R0269_146_4376049_260522151957_00_00_4738.mp4,542, 197, 749, 427
020R0269_146_4405979_260522164309_00_00_4010.mp4,0, 434, 351, 800
020R0269_297_251769_260524022933_00_00_1230.mp4,466, 238, 633, 482
020R0269_297_290719_260524041813_00_00_4406.mp4,482, 244, 637, 481
020RD011005_373_380709_260524020254_00_00_5900.mp4,783, 334, 1030, 543
021R0216_87_1784629_260519204213_00_00_3323.mp4,782, 708, 1028, 882
02720001581314006008_30150_7859_260513144833_00_00_9484.mp4,556, 601, 930, 1073
03519999581314019020_124645_1679_260514071419_00_00_7665.mp4,364, 3, 1077, 262
03712123581314000025_66478_3039_260514074822_00_02_1900.mp4,422, 215, 746, 585
03719999581314008749_98071_569_260512072130_00_00_4325.mp4,445, 156, 933, 407
04323233581314000006_102752_1599_260514073238_00_02_4080.mp4,899, 3, 1159, 231
04329999581314006198_104231_4779_260514151752_00_00_2293.mp4,366, 189, 1090, 782
04519999581314025687_122305_409_260513164028_00_02_7846.mp4,1060, 254, 1595, 736
04710001001310007824_115692_879_260512082206_00_00_8303.mp4,0, 103, 493, 598
04710001001310011545_84656_1629_260513150427_00_00_5155.mp4,329, 211, 723, 615
04710001001310012740_104208_1699_260514151433_00_00_1507.mp4,592, 137, 928, 477
04719999581314004707_104164_3559_260514151932_00_02_2886.mp4,0, 185, 362, 586
04719999581314011296_123280_679_260514074133_00_02_7246.mp4,780, 4, 1158, 444
05129999581314020731_2139_1489_260513175346_00_00_2375.mp4,1044, 376, 1456, 1064
05319999581314016295_43659_2889_260513071751_00_00_2020.mp4,360, 1, 530, 258
05319999581314027653_41630_2939_260512131749_00_00_9523.mp4,725, 7, 1263, 499
05319999581314033519_72041_4209_260514162238_00_02_9691.mp4,882, 2, 1069, 241
05320199581314011746_105056_11579_260514132730_00_00_9403.mp4,964, 191, 1712, 725
05511418581314000016_2148_1189_260513072308_00_02_2757.mp4,269, 52, 499, 415
05710001581314000026_140815_2209_260514163558_00_00_3242.mp4,323, 209, 629, 533
05743357581314000008_13419_409_260513080047_00_00_9739.mp4,579, 275, 1322, 563
05749999581314012037_20249_2179_260513074543_00_00_4767.mp4,1398, 54, 1665, 435
05749999581314012037_20249_2799_260513074726_00_00_6000.mp4,1343, 48, 1736, 444
05749999581314016811_20394_219_260513192016_00_00_1431.mp4,1416, 419, 1679, 609
05749999581314026645_41586_1029_260514174231_00_00_7791.mp4,968, 447, 1402, 1027
05799999581314012485_2485_2819_260513181740_00_00_5035.mp4,138, 309, 338, 426
05919900581314002191_77660_829_260514082208_00_00_3307.mp4,0, 10, 370, 472
05919900581314002518_2763_59_260513174000_00_00_6234.mp4,285, 2, 640, 334
05920001581314002055_3432_2189_260513185600_00_00_3614.mp4,385, 3, 635, 245
05929900581314001530_157093_3149_260514145824_00_00_5853.mp4,798, 340, 1104, 716
05950701581314000057_78407_409_260514134058_00_00_3324.mp4,695, 2, 974, 204
07310001001310015299_140324_1679_260514081430_00_00_5152.mp4,761, 24, 1154, 386
07318700581314000003_129389_1769_260514075444_00_00_3192.mp4,637, 322, 891, 581
07520001001310002905_127978_1189_260512082257_00_00_9203.mp4,241, 2, 703, 521
07520001001310002905_127978_1399_260512082332_00_00_4868.mp4,233, 2, 692, 480
07523399581314005303_99058_3179_260512072846_00_00_6491.mp4,44, 111, 357, 552
07529900581314000342_138796_299_260514155029_00_00_7766.mp4,1478, 2, 1694, 430
07554001581314079692_263276_259_260514172038_00_00_4350.mp4,433, 50, 614, 164
07554001581314104487_60413_59_260514135001_00_00_1661.mp4,1346, 269, 1552, 427
07554001581314105130_262025_2059_260514104538_00_00_8144.mp4,1012, 151, 1174, 399
07609999581314023983_109313_12899_260513072829_00_00_7607.mp4,333, 245, 561, 588
07609999581314024734_14962_3239_260513125837_00_00_6699.mp4,1209, 329, 1655, 806
07919900581314010130_7071_2099_260514091546_00_00_4603.mp4,841, 153, 1073, 351
08519999581314019404_30703_1859_260513075449_00_02_4986.mp4,1108, 186, 1321, 414
08710002581314002269_3754_119_260513103015_00_02_2309.mp4,0, 36, 544, 572
08984288581314000009_137561_1009_260514074238_00_02_5710.mp4,646, 40, 982, 330
09310002001310009238_831_3359_260512081909_00_00_5566.mp4,492, 205, 904, 533
09914399581314000083_8549_1279_260513185328_00_00_7448.mp4,1266, 209, 1469, 332
25710104581314015441_2135_10779_260520171706_00_00_6824.mp4,1096, 389, 1424, 940
25710104581314015441_2135_14039_260520171917_00_00_8839.mp4,1096, 445, 1366, 1018
25710104581314015441_2135_9879_260520171630_00_02_4051.mp4,1043, 165, 1296, 401
510WF02144_394_439649_260522020732_00_00_7806.mp4,882, 699, 1086, 928
558WA021137_39_4959_260519053140_00_00_3954.mp4,160, 59, 815, 435
663WA021122_96_1490659_260521124203_00_00_9789.mp4,224, 223, 419, 472
668VA02150_93_465429_260521084832_00_00_2991.mp4,991, 506, 1130, 741
712VA02248_153_6539_260519202244_00_00_3677.mp4,139, 390, 807, 953
7311WA03553_06_225849_260523085039_00_00_6286.mp4,671, 124, 1734, 1057
755WF27190_48_2392339_260522210254_00_00_6419.mp4,1225, 259, 1471, 458
755WF27491_188_5476929_260521031642_00_00_5621.mp4,67, 497, 406, 847
757WA011524_240_86689_260519230328_00_00_8329.mp4,393, 384, 887, 733
757WE01245_263_1566499_260521054411_00_00_5635.mp4,1064, 655, 1552, 1020
769WB01808_298_344809_260523083441_00_00_8132.mp4,169, 145, 596, 482
931R0114_46_5843709_260520200526_00_00_9912.mp4,316, 261, 672, 746
931W01727_166_220729_260519225056_00_00_3852.mp4,85, 471, 340, 705
999VA01178_583_12057009_260521102455_00_00_7748.mp4,239, 271, 524, 542
418VA0220_03_61359_260519061713_00_02_3331.mp4,662, 856, 909, 1071
